image_width: 1280
image_height: 720
distortion_model: rational_polynomial
camera_name: jetson_arducam
camera_matrix:
  rows: 3
  cols: 3
  data:
  - 8.0008269704908503e+02
  - 0.
  - 6.1335510920723789e+02
  - 0.
  - 7.7455773699175631e+02
  - 2.1979698311077698e+02
  - 0.
  - 0.
  - 1.
distortion_coefficients:
  rows: 1
  cols: 8
  data: [ -3.6680871558074837e+00, 5.1369598422446963e+00,
            1.5838860213832170e-02, -1.3143516817719432e-03,
            3.2106775894504103e-01, -3.3477469256312613e+00,
            3.9504061131740253e+00, 2.0322678057098997e+00, 0., 0., 0., 0.,
            0., 0. ]
rectification_matrix:
  rows: 3
  cols: 3
  data: [1, 0, 0, 0, 1, 0, 0, 0, 1]
projection_matrix:
  rows: 3
  cols: 4
  data:
  - 8.0008269704908503e+02
  - 0.
  - 6.1335510920723789e+02
  - 0.
  - 0.
  - 7.7455773699175631e+02
  - 2.1979698311077698e+02
  - 0.
  - 0.
  - 0.
  - 1.
  - 0.
