image_width: 1280
image_height: 720
distortion_model: rational_polynomial
camera_name: jetson_cam_b0103
avg_reprojection_error: 6.2568383243071091e-01
camera_matrix:
   rows: 3
   cols: 3
   data: [ 8.6548794475814952e+02, 0., 5.8433784965211532e+02, 0.,
       8.6781273828791200e+02, 4.1849080765671334e+02, 0., 0., 1. ]
distortion_coefficients:
   rows: 1
   cols: 8
   data: [ -4.4785164929594146e-01, 8.4519372375641322e-01,
       1.3107573623468191e-03, 2.0405580867424367e-04,
       1.2405306563035005e-01, -9.1322984717652878e-02,
       6.1981963615193059e-01, 4.4671923351405307e-01 ]
rectification_matrix:
   rows: 3
   cols: 3
   data: [ 1., 0., 0., 0., 1., 0., 0., 0., 1. ]
projection_matrix:
   rows: 3
   cols: 4
   data: [ 8.6548794475814952e+02, 0., 5.8433784965211532e+02, 0., 0.,
       8.6781273828791200e+02, 4.1849080765671334e+02, 0., 0., 0., 1.,
       0. ]
